0	0.00131
0.001	0.0023
0.002	0.00339
0.003	0.00441
0.004	0.0055
0.005	0.0066
0.006	0.00767
0.007	0.00864
0.008	0.00973
0.009	0.01072
0.01	0.01181
0.011	0.01288
0.012	0.01388
0.013	0.01494
0.014	0.016
0.015	0.01701
0.016	0.01817
0.017	0.01916
0.018	0.02014
0.019	0.02102
0.02	0.02214
0.021	0.02332
0.022	0.02424
0.023	0.02533
0.024	0.02642
0.025	0.0275
0.026	0.02851
0.027	0.02956
0.028	0.03067
0.029	0.03166
0.03	0.03257
0.031	0.03349
0.032	0.03446
0.033	0.03546
0.034	0.0363
0.035	0.03726
0.036	0.03831
0.037	0.03918
0.038	0.04009
0.039	0.0411
0.04	0.04216
0.041	0.04329
0.042	0.04434
0.043	0.04535
0.044	0.04634
0.045	0.04737
0.046	0.04851
0.047	0.04947
0.048	0.0502
0.049	0.0511
0.05	0.05217
0.051	0.05319
0.052	0.05419
0.053	0.05532
0.054	0.05631
0.055	0.05737
0.056	0.05831
0.057	0.05935
0.058	0.06035
0.059	0.06137
0.06	0.06218
0.061	0.06314
0.062	0.06424
0.063	0.06533
0.064	0.0665
0.065	0.0674
0.066	0.06839
0.067	0.0694
0.068	0.07029
0.069	0.07152
0.07	0.07244
0.071	0.07339
0.072	0.07452
0.073	0.07542
0.074	0.07657
0.075	0.07767
0.076	0.07875
0.077	0.07994
0.078	0.08093
0.079	0.0817
0.08	0.08273
0.081	0.08379
0.082	0.08479
0.083	0.08569
0.084	0.0867
0.085	0.08768
0.086	0.08871
0.087	0.08972
0.088	0.09082
0.089	0.09192
0.09	0.09288
0.091	0.09391
0.092	0.09481
0.093	0.09592
0.094	0.09681
0.095	0.09773
0.096	0.09852
0.097	0.09947
0.098	0.10042
0.099	0.10121
0.1	0.10234
0.101	0.1033
0.102	0.1042
0.103	0.10511
0.104	0.10599
0.105	0.10693
0.106	0.10796
0.107	0.10886
0.108	0.11
0.109	0.11092
0.11	0.11185
0.111	0.11302
0.112	0.1139
0.113	0.11489
0.114	0.11597
0.115	0.11695
0.116	0.11801
0.117	0.11901
0.118	0.11995
0.119	0.12109
0.12	0.12232
0.121	0.12341
0.122	0.12444
0.123	0.12542
0.124	0.12645
0.125	0.1274
0.126	0.12838
0.127	0.12935
0.128	0.13036
0.129	0.13143
0.13	0.1325
0.131	0.13359
0.132	0.13449
0.133	0.13561
0.134	0.13652
0.135	0.13759
0.136	0.13858
0.137	0.13969
0.138	0.14087
0.139	0.1418
0.14	0.14297
0.141	0.14399
0.142	0.145
0.143	0.14588
0.144	0.14682
0.145	0.14777
0.146	0.14853
0.147	0.14947
0.148	0.1505
0.149	0.15156
0.15	0.15264
0.151	0.15335
0.152	0.15441
0.153	0.15538
0.154	0.15653
0.155	0.15752
0.156	0.15848
0.157	0.15948
0.158	0.16055
0.159	0.1616
0.16	0.16267
0.161	0.16371
0.162	0.16475
0.163	0.16583
0.164	0.16698
0.165	0.168
0.166	0.16887
0.167	0.16999
0.168	0.17102
0.169	0.17217
0.17	0.1731
0.171	0.17402
0.172	0.1751
0.173	0.1763
0.174	0.17734
0.175	0.17832
0.176	0.17924
0.177	0.18028
0.178	0.18134
0.179	0.18261
0.18	0.18378
0.181	0.18474
0.182	0.18578
0.183	0.18684
0.184	0.18801
0.185	0.18905
0.186	0.19004
0.187	0.19096
0.188	0.19212
0.189	0.19308
0.19	0.1941
0.191	0.19503
0.192	0.19608
0.193	0.1972
0.194	0.19816
0.195	0.19924
0.196	0.20031
0.197	0.20131
0.198	0.20227
0.199	0.20332
0.2	0.20454
0.201	0.20556
0.202	0.20655
0.203	0.2075
0.204	0.20872
0.205	0.20968
0.206	0.21074
0.207	0.21159
0.208	0.21266
0.209	0.21371
0.21	0.21466
0.211	0.2155
0.212	0.21669
0.213	0.21767
0.214	0.21861
0.215	0.21964
0.216	0.22057
0.217	0.22158
0.218	0.22251
0.219	0.22357
0.22	0.22465
0.221	0.22575
0.222	0.2267
0.223	0.22778
0.224	0.22869
0.225	0.2297
0.226	0.2307
0.227	0.23173
0.228	0.23275
0.229	0.23378
0.23	0.23483
0.231	0.23588
0.232	0.23688
0.233	0.23789
0.234	0.23901
0.235	0.24013
0.236	0.2411
0.237	0.24203
0.238	0.24293
0.239	0.24392
0.24	0.24492
0.241	0.24583
0.242	0.24697
0.243	0.24801
0.244	0.24899
0.245	0.24997
0.246	0.25093
0.247	0.25192
0.248	0.25291
0.249	0.25394
0.25	0.25482
0.251	0.25596
0.252	0.25705
0.253	0.25809
0.254	0.25911
0.255	0.26013
0.256	0.26125
0.257	0.26225
0.258	0.26337
0.259	0.26429
0.26	0.26531
0.261	0.26627
0.262	0.26719
0.263	0.26814
0.264	0.26913
0.265	0.27011
0.266	0.27139
0.267	0.27227
0.268	0.27307
0.269	0.27423
0.27	0.27522
0.271	0.2763
0.272	0.27726
0.273	0.27817
0.274	0.27911
0.275	0.28028
0.276	0.28124
0.277	0.28217
0.278	0.2832
0.279	0.28409
0.28	0.28503
0.281	0.28596
0.282	0.28675
0.283	0.28774
0.284	0.28856
0.285	0.28947
0.286	0.29046
0.287	0.29131
0.288	0.29221
0.289	0.29301
0.29	0.29406
0.291	0.29503
0.292	0.29599
0.293	0.29703
0.294	0.29793
0.295	0.29898
0.296	0.30006
0.297	0.30131
0.298	0.30224
0.299	0.30329
0.3	0.30437
0.301	0.30525
0.302	0.30636
0.303	0.30734
0.304	0.30831
0.305	0.30925
0.306	0.31026
0.307	0.31128
0.308	0.31216
0.309	0.31329
0.31	0.31421
0.311	0.31528
0.312	0.31631
0.313	0.3174
0.314	0.31842
0.315	0.31943
0.316	0.32042
0.317	0.32146
0.318	0.32237
0.319	0.32334
0.32	0.32427
0.321	0.32538
0.322	0.32627
0.323	0.32739
0.324	0.32834
0.325	0.32942
0.326	0.33046
0.327	0.3316
0.328	0.33257
0.329	0.33338
0.33	0.33426
0.331	0.33521
0.332	0.33614
0.333	0.33718
0.334	0.33793
0.335	0.33905
0.336	0.34014
0.337	0.34123
0.338	0.34208
0.339	0.34297
0.34	0.34397
0.341	0.34493
0.342	0.34601
0.343	0.34714
0.344	0.34805
0.345	0.34906
0.346	0.34993
0.347	0.35105
0.348	0.35216
0.349	0.35328
0.35	0.35414
0.351	0.35527
0.352	0.35633
0.353	0.35721
0.354	0.35817
0.355	0.3592
0.356	0.36037
0.357	0.36139
0.358	0.36241
0.359	0.36336
0.36	0.36439
0.361	0.36544
0.362	0.36654
0.363	0.36758
0.364	0.36871
0.365	0.36988
0.366	0.37083
0.367	0.3719
0.368	0.37282
0.369	0.37399
0.37	0.37483
0.371	0.37568
0.372	0.37652
0.373	0.37754
0.374	0.37856
0.375	0.37976
0.376	0.38076
0.377	0.38189
0.378	0.38287
0.379	0.38395
0.38	0.38511
0.381	0.38622
0.382	0.38722
0.383	0.38837
0.384	0.38935
0.385	0.39038
0.386	0.39149
0.387	0.39243
0.388	0.39332
0.389	0.39445
0.39	0.39535
0.391	0.39624
0.392	0.39732
0.393	0.3983
0.394	0.39911
0.395	0.4002
0.396	0.40098
0.397	0.40197
0.398	0.40282
0.399	0.40387
0.4	0.40499
0.401	0.40611
0.402	0.40719
0.403	0.40803
0.404	0.40896
0.405	0.41004
0.406	0.4109
0.407	0.41188
0.408	0.41289
0.409	0.41384
0.41	0.41466
0.411	0.4157
0.412	0.41684
0.413	0.41791
0.414	0.41889
0.415	0.4198
0.416	0.42084
0.417	0.4218
0.418	0.42269
0.419	0.42373
0.42	0.42461
0.421	0.4256
0.422	0.42687
0.423	0.42774
0.424	0.42873
0.425	0.42965
0.426	0.43065
0.427	0.4318
0.428	0.43275
0.429	0.43364
0.43	0.4346
0.431	0.43544
0.432	0.43639
0.433	0.43749
0.434	0.43852
0.435	0.43939
0.436	0.44031
0.437	0.44132
0.438	0.44219
0.439	0.44319
0.44	0.4442
0.441	0.44525
0.442	0.44619
0.443	0.44741
0.444	0.4483
0.445	0.44929
0.446	0.45024
0.447	0.4512
0.448	0.45221
0.449	0.45346
0.45	0.45453
0.451	0.45564
0.452	0.45647
0.453	0.45738
0.454	0.45828
0.455	0.45932
0.456	0.46037
0.457	0.46133
0.458	0.46245
0.459	0.4635
0.46	0.46447
0.461	0.4655
0.462	0.46654
0.463	0.46759
0.464	0.46867
0.465	0.46953
0.466	0.47044
0.467	0.47145
0.468	0.47226
0.469	0.47333
0.47	0.47431
0.471	0.47525
0.472	0.47624
0.473	0.47737
0.474	0.47828
0.475	0.47916
0.476	0.47995
0.477	0.48082
0.478	0.48188
0.479	0.48282
0.48	0.4838
0.481	0.48481
0.482	0.48575
0.483	0.48679
0.484	0.48762
0.485	0.4884
0.486	0.48927
0.487	0.4902
0.488	0.49115
0.489	0.4922
0.49	0.49317
0.491	0.49396
0.492	0.49495
0.493	0.49617
0.494	0.49714
0.495	0.498
0.496	0.49899
0.497	0.49999
0.498	0.50103
0.499	0.50213
0.5	0.50314
0.501	0.50427
0.502	0.50542
0.503	0.5064
0.504	0.50739
0.505	0.50852
0.506	0.50958
0.507	0.51045
0.508	0.5113
0.509	0.51239
0.51	0.51327
0.511	0.51425
0.512	0.51538
0.513	0.51651
0.514	0.51747
0.515	0.5184
0.516	0.5194
0.517	0.52025
0.518	0.52116
0.519	0.52208
0.52	0.52285
0.521	0.52366
0.522	0.52462
0.523	0.52567
0.524	0.52672
0.525	0.52757
0.526	0.52851
0.527	0.5294
0.528	0.53034
0.529	0.53171
0.53	0.53272
0.531	0.53361
0.532	0.53457
0.533	0.5353
0.534	0.53644
0.535	0.53751
0.536	0.53861
0.537	0.53964
0.538	0.54049
0.539	0.54151
0.54	0.54242
0.541	0.54329
0.542	0.5445
0.543	0.5454
0.544	0.54646
0.545	0.5476
0.546	0.54866
0.547	0.54961
0.548	0.55077
0.549	0.55178
0.55	0.55267
0.551	0.55372
0.552	0.5547
0.553	0.55559
0.554	0.55647
0.555	0.55752
0.556	0.55839
0.557	0.55932
0.558	0.56033
0.559	0.56142
0.56	0.56251
0.561	0.56345
0.562	0.56454
0.563	0.56551
0.564	0.56646
0.565	0.56739
0.566	0.56853
0.567	0.56953
0.568	0.57045
0.569	0.57153
0.57	0.57249
0.571	0.57343
0.572	0.57451
0.573	0.57577
0.574	0.57675
0.575	0.57773
0.576	0.57865
0.577	0.57981
0.578	0.58097
0.579	0.58199
0.58	0.58287
0.581	0.58384
0.582	0.58479
0.583	0.58573
0.584	0.58668
0.585	0.58779
0.586	0.58873
0.587	0.58958
0.588	0.59077
0.589	0.59185
0.59	0.59268
0.591	0.59364
0.592	0.59466
0.593	0.5956
0.594	0.5966
0.595	0.59776
0.596	0.59889
0.597	0.59985
0.598	0.60094
0.599	0.60196
0.6	0.60297
0.601	0.60417
0.602	0.60521
0.603	0.60632
0.604	0.60722
0.605	0.60813
0.606	0.60909
0.607	0.61004
0.608	0.61108
0.609	0.61212
0.61	0.61306
0.611	0.61415
0.612	0.6151
0.613	0.61599
0.614	0.61701
0.615	0.6182
0.616	0.61914
0.617	0.62012
0.618	0.62091
0.619	0.62199
0.62	0.6231
0.621	0.62418
0.622	0.62503
0.623	0.62614
0.624	0.62709
0.625	0.62807
0.626	0.62906
0.627	0.6299
0.628	0.63101
0.629	0.63201
0.63	0.63308
0.631	0.63405
0.632	0.63501
0.633	0.63594
0.634	0.63685
0.635	0.63789
0.636	0.63899
0.637	0.63985
0.638	0.64091
0.639	0.64197
0.64	0.64324
0.641	0.6442
0.642	0.6453
0.643	0.64635
0.644	0.64734
0.645	0.64827
0.646	0.6492
0.647	0.65015
0.648	0.65108
0.649	0.65211
0.65	0.65316
0.651	0.65416
0.652	0.65506
0.653	0.65595
0.654	0.65704
0.655	0.65808
0.656	0.65903
0.657	0.65987
0.658	0.66095
0.659	0.66183
0.66	0.66296
0.661	0.66386
0.662	0.66483
0.663	0.66579
0.664	0.66677
0.665	0.66759
0.666	0.66853
0.667	0.66959
0.668	0.6707
0.669	0.67173
0.67	0.67268
0.671	0.67359
0.672	0.67472
0.673	0.67586
0.674	0.677
0.675	0.67799
0.676	0.67911
0.677	0.68019
0.678	0.68105
0.679	0.68201
0.68	0.68289
0.681	0.68371
0.682	0.6848
0.683	0.68577
0.684	0.68676
0.685	0.68774
0.686	0.68876
0.687	0.68981
0.688	0.69085
0.689	0.69187
0.69	0.69288
0.691	0.69387
0.692	0.69496
0.693	0.69586
0.694	0.69693
0.695	0.69793
0.696	0.6988
0.697	0.69962
0.698	0.70045
0.699	0.70152
0.7	0.70253
0.701	0.70363
0.702	0.70449
0.703	0.7054
0.704	0.7064
0.705	0.70755
0.706	0.70857
0.707	0.70946
0.708	0.71032
0.709	0.71127
0.71	0.71237
0.711	0.71318
0.712	0.71419
0.713	0.71512
0.714	0.716
0.715	0.71695
0.716	0.71789
0.717	0.71871
0.718	0.7198
0.719	0.72077
0.72	0.72165
0.721	0.72254
0.722	0.72353
0.723	0.72457
0.724	0.72559
0.725	0.7264
0.726	0.72735
0.727	0.72828
0.728	0.72924
0.729	0.7302
0.73	0.731
0.731	0.73202
0.732	0.73297
0.733	0.73404
0.734	0.735
0.735	0.73595
0.736	0.73694
0.737	0.73767
0.738	0.73865
0.739	0.73951
0.74	0.74053
0.741	0.74158
0.742	0.74262
0.743	0.74368
0.744	0.7445
0.745	0.74553
0.746	0.74653
0.747	0.74749
0.748	0.7484
0.749	0.74946
0.75	0.75032
0.751	0.75138
0.752	0.75233
0.753	0.75333
0.754	0.75451
0.755	0.75549
0.756	0.75646
0.757	0.75755
0.758	0.75858
0.759	0.75976
0.76	0.76089
0.761	0.76173
0.762	0.76293
0.763	0.76391
0.764	0.76487
0.765	0.76592
0.766	0.7668
0.767	0.76775
0.768	0.76875
0.769	0.76974
0.77	0.77073
0.771	0.77172
0.772	0.77283
0.773	0.77391
0.774	0.7748
0.775	0.77568
0.776	0.7766
0.777	0.77771
0.778	0.7786
0.779	0.77975
0.78	0.78068
0.781	0.78169
0.782	0.78263
0.783	0.78362
0.784	0.78441
0.785	0.78546
0.786	0.78642
0.787	0.78726
0.788	0.78827
0.789	0.78916
0.79	0.79011
0.791	0.7912
0.792	0.79235
0.793	0.79339
0.794	0.79437
0.795	0.79539
0.796	0.79643
0.797	0.79741
0.798	0.79834
0.799	0.79946
0.8	0.80046
0.801	0.80136
0.802	0.80233
0.803	0.8033
0.804	0.80436
0.805	0.80544
0.806	0.80636
0.807	0.80726
0.808	0.80821
0.809	0.80918
0.81	0.81007
0.811	0.81112
0.812	0.81216
0.813	0.81322
0.814	0.81434
0.815	0.81539
0.816	0.81638
0.817	0.81742
0.818	0.81849
0.819	0.81945
0.82	0.82049
0.821	0.82131
0.822	0.82238
0.823	0.82334
0.824	0.82426
0.825	0.82521
0.826	0.82617
0.827	0.82708
0.828	0.82812
0.829	0.82923
0.83	0.83013
0.831	0.83115
0.832	0.8321
0.833	0.83324
0.834	0.83419
0.835	0.8352
0.836	0.83611
0.837	0.837
0.838	0.83801
0.839	0.83891
0.84	0.83992
0.841	0.84086
0.842	0.84189
0.843	0.84287
0.844	0.84386
0.845	0.84481
0.846	0.84569
0.847	0.84675
0.848	0.84775
0.849	0.84868
0.85	0.84963
0.851	0.85068
0.852	0.8517
0.853	0.8525
0.854	0.85357
0.855	0.85443
0.856	0.85534
0.857	0.85627
0.858	0.85738
0.859	0.85838
0.86	0.8594
0.861	0.86016
0.862	0.8612
0.863	0.86224
0.864	0.86337
0.865	0.86426
0.866	0.86543
0.867	0.86655
0.868	0.86758
0.869	0.86856
0.87	0.86949
0.871	0.87047
0.872	0.87164
0.873	0.87277
0.874	0.87389
0.875	0.87499
0.876	0.87605
0.877	0.87711
0.878	0.87803
0.879	0.87907
0.88	0.8799
0.881	0.88095
0.882	0.88196
0.883	0.88308
0.884	0.88392
0.885	0.88496
0.886	0.88598
0.887	0.88708
0.888	0.88797
0.889	0.88882
0.89	0.88977
0.891	0.89078
0.892	0.8917
0.893	0.89266
0.894	0.89367
0.895	0.8948
0.896	0.89566
0.897	0.89668
0.898	0.89754
0.899	0.89863
0.9	0.89972
0.901	0.90068
0.902	0.9017
0.903	0.9026
0.904	0.90341
0.905	0.9043
0.906	0.90529
0.907	0.9063
0.908	0.90753
0.909	0.90856
0.91	0.90962
0.911	0.91063
0.912	0.91168
0.913	0.91275
0.914	0.91378
0.915	0.91483
0.916	0.91603
0.917	0.91703
0.918	0.91799
0.919	0.9189
0.92	0.91999
0.921	0.92095
0.922	0.92196
0.923	0.92293
0.924	0.92385
0.925	0.92491
0.926	0.92609
0.927	0.92706
0.928	0.92792
0.929	0.92887
0.93	0.92983
0.931	0.931
0.932	0.93215
0.933	0.93311
0.934	0.93408
0.935	0.93494
0.936	0.93609
0.937	0.93715
0.938	0.93823
0.939	0.93924
0.94	0.94035
0.941	0.94137
0.942	0.94241
0.943	0.94346
0.944	0.94451
0.945	0.94544
0.946	0.94642
0.947	0.94747
0.948	0.94853
0.949	0.94941
0.95	0.95048
0.951	0.95141
0.952	0.95234
0.953	0.95337
0.954	0.95427
0.955	0.95526
0.956	0.9563
0.957	0.95739
0.958	0.95837
0.959	0.95943
0.96	0.96036
0.961	0.96136
0.962	0.96238
0.963	0.96325
0.964	0.96418
0.965	0.96529
0.966	0.96611
0.967	0.9672
0.968	0.96835
0.969	0.96935
0.97	0.97039
0.971	0.97139
0.972	0.97269
0.973	0.97361
0.974	0.97444
0.975	0.97547
0.976	0.97634
0.977	0.97748
0.978	0.97837
0.979	0.97945
0.98	0.98036
0.981	0.98141
0.982	0.9824
0.983	0.98339
0.984	0.98435
0.985	0.98541
0.986	0.98647
0.987	0.98739
0.988	0.98833
0.989	0.98935
0.99	0.99053
0.991	0.99183
0.992	0.993
0.993	0.99396
0.994	0.99492
0.995	0.99599
0.996	0.99695
0.997	0.99795
0.998	0.99913
0.999	0.99999
